0 0.304066 0.374280 0.218426 0.709389
0 0.576773 0.141417 0.142301 0.268433
0 0.752487 0.355991 0.193555 0.615207
1 0.538062 0.452189 0.169550 0.365207
1 0.841912 0.741791 0.153547 0.162154
1 0.164576 0.491647 0.089965 0.116935
1 0.195285 0.845622 0.064879 0.072581
1 0.083802 0.807028 0.060337 0.077189
1 0.946799 0.863767 0.106401 0.175691
1 0.333153 0.781970 0.153763 0.112327
1 0.046280 0.922955 0.057958 0.097062
1 0.020653 0.632632 0.040874 0.071141
1 0.335856 0.965294 0.052336 0.069412
1 0.457721 0.971342 0.040874 0.057316
