0 0.064625 0.507333 0.096750 0.258000
0 0.289500 0.719500 0.192500 0.285667
0 0.516625 0.418833 0.114250 0.269667
0 0.265500 0.308667 0.075000 0.182667
0 0.442750 0.140500 0.094500 0.229000
0 0.192250 0.109333 0.069500 0.190000
0 0.674250 0.236833 0.062000 0.239000
0 0.936250 0.294167 0.060000 0.237667
0 0.904750 0.472500 0.118500 0.304333
0 0.877500 0.825333 0.149000 0.311333
1 0.583500 0.820167 0.202000 0.330333
1 0.397625 0.706333 0.058750 0.091333
1 0.147750 0.913000 0.280500 0.156667
1 0.096625 0.265167 0.160750 0.124333
1 0.749375 0.244833 0.253250 0.081000
