0 0.213250 0.487667 0.060500 0.135333
0 0.323750 0.413333 0.050000 0.180667
0 0.442000 0.372500 0.051500 0.159667
0 0.334125 0.655333 0.053750 0.188000
0 0.546875 0.500167 0.058250 0.197000
0 0.473125 0.870333 0.077250 0.139333
0 0.625375 0.733500 0.069750 0.156333
0 0.715500 0.655833 0.060500 0.150333
0 0.792375 0.525333 0.049250 0.166667
0 0.552875 0.312833 0.047750 0.145667
0 0.351500 0.245167 0.038500 0.185667
0 0.456000 0.223333 0.063000 0.168667
0 0.198375 0.231000 0.055250 0.151333
0 0.081000 0.558167 0.093000 0.163667
0 0.164375 0.727000 0.084250 0.192000
1 0.210875 0.715333 0.075750 0.116000
1 0.199500 0.862833 0.107500 0.083667
0 0.775750 0.891667 0.079500 0.155333
0 0.845000 0.774833 0.059000 0.138333
