0 0.602967 0.264814 0.156970 0.178417
0 0.892569 0.369161 0.214862 0.175173
0 0.595766 0.846561 0.300979 0.215182
0 0.889689 0.802768 0.220622 0.155709
0 0.099654 0.806553 0.167051 0.182742
0 0.180300 0.328071 0.241935 0.138408
1 0.394873 0.322664 0.201613 0.173010
1 0.137817 0.472967 0.228975 0.153547
1 0.245104 0.654628 0.224654 0.157872
1 0.567684 0.528114 0.167051 0.125433
1 0.619528 0.404844 0.129608 0.114619
1 0.551843 0.684364 0.138249 0.091912
1 0.961694 0.109105 0.076613 0.061635
1 0.042051 0.173443 0.080645 0.173010
