0 0.278514 0.170307 0.150922 0.197881
0 0.318980 0.407656 0.138537 0.240052
0 0.311348 0.594615 0.164747 0.144247
0 0.720046 0.612565 0.252304 0.270978
0 0.540467 0.508542 0.098790 0.136894
0 0.644585 0.295415 0.107143 0.188581
0 0.475230 0.208478 0.061636 0.166955
0 0.573301 0.096129 0.074021 0.183175
0 0.065956 0.691933 0.115207 0.130839
0 0.311348 0.858780 0.216590 0.083478
0 0.826325 0.197556 0.119240 0.155493
0 0.818116 0.093534 0.132776 0.147275
0 0.702045 0.919442 0.213998 0.060770
0 0.890121 0.814446 0.194988 0.093858
