0 0.368232 0.320502 0.125288 0.110294
0 0.352391 0.437824 0.139689 0.102725
0 0.339430 0.573529 0.165611 0.101644
0 0.302707 0.767085 0.218894 0.123270
0 0.273185 0.932526 0.263537 0.099481
0 0.388393 0.188581 0.154090 0.140571
0 0.698733 0.903330 0.207373 0.114619
0 0.670651 0.727617 0.180012 0.117863
0 0.655530 0.572989 0.204493 0.120026
0 0.659130 0.427552 0.148329 0.101644
0 0.659850 0.319420 0.120968 0.097318
0 0.664171 0.182634 0.152650 0.154628
0 0.914026 0.311311 0.139689 0.107050
0 0.928571 0.437824 0.142857 0.091912
0 0.939948 0.576773 0.119528 0.090830
0 0.940092 0.747621 0.119816 0.118945
0 0.146457 0.232375 0.102247 0.091912
0 0.109735 0.350779 0.132488 0.101644
0 0.079493 0.459451 0.118088 0.128676
0 0.171659 0.116674 0.097926 0.145978
0 0.890265 0.105320 0.115207 0.099481
