0 0.104077 0.616143 0.203828 0.224222
1 0.207937 0.594542 0.113538 0.111031
1 0.085154 0.845550 0.164468 0.281826
0 0.289792 0.916979 0.209343 0.116215
0 0.376298 0.212918 0.166090 0.337414
1 0.334991 0.353831 0.117431 0.220046
1 0.554336 0.356351 0.071042 0.070997
0 0.115268 0.194412 0.189230 0.349654
1 0.250433 0.169211 0.031574 0.046371
0 0.650141 0.524554 0.078828 0.349798
0 0.894247 0.158410 0.075692 0.275634
1 0.764057 0.569844 0.127379 0.141993
1 0.757137 0.746760 0.179931 0.222206
1 0.628460 0.881984 0.216263 0.188220
1 0.881488 0.905170 0.220156 0.181020
1 0.912630 0.671155 0.086505 0.042195
1 0.932418 0.814156 0.135164 0.175835
1 0.558607 0.579133 0.107266 0.125432
1 0.383272 0.678355 0.121215 0.068980
1 0.901546 0.423819 0.057850 0.074021
