0 0.130353 0.277218 0.219399 0.336406
0 0.153871 0.763249 0.277249 0.216014
0 0.423443 0.225230 0.212370 0.378456
0 0.909278 0.501944 0.159818 0.368232
1 0.185175 0.941244 0.305904 0.117512
1 0.278655 0.700533 0.149870 0.150202
1 0.382083 0.368232 0.101968 0.228399
1 0.714208 0.644369 0.193123 0.157402
1 0.460910 0.773474 0.095696 0.127592
1 0.471724 0.918131 0.153006 0.163738
1 0.950962 0.788378 0.098075 0.243808
1 0.855212 0.929507 0.178417 0.136953
1 0.277465 0.246832 0.028547 0.032834
1 0.222643 0.490135 0.101211 0.091446
1 0.631163 0.116215 0.113538 0.076037
1 0.731618 0.229839 0.030061 0.062788
