0 0.143875 0.507167 0.121750 0.682333
0 0.370000 0.482500 0.106500 0.668333
0 0.651625 0.514333 0.104250 0.650667
1 0.065750 0.609333 0.124000 0.180000
1 0.208625 0.401333 0.072750 0.085333
1 0.210250 0.530333 0.063000 0.080000
1 0.103750 0.871667 0.193500 0.234667
1 0.299375 0.791167 0.076250 0.129000
1 0.383125 0.926000 0.271750 0.111333
1 0.482000 0.708000 0.067500 0.133333
1 0.588625 0.769500 0.091250 0.279667
1 0.642375 0.918833 0.096750 0.111667
1 0.766875 0.626667 0.034750 0.200000
1 0.809125 0.804333 0.039250 0.143333
1 0.740250 0.848500 0.062000 0.098333
1 0.884750 0.799833 0.212000 0.387000
1 0.960000 0.565833 0.080000 0.151000
